# Training Hyperparameters
LEARNING_RATE=0.000404919803851735
BATCH_SIZE=80
NUM_EPOCHS=1000
HIDDEN_LAYERS=[11, 13, 18, 13, 11]
HIDDEN_ACTIVATION=gelu
OPTIMIZER=adam
DROPOUT=0.0520681010598007