# Training Hyperparameters
LEARNING_RATE=0.00517160015229908
BATCH_SIZE=128
NUM_EPOCHS=1000
HIDDEN_LAYERS=[30, 28]
HIDDEN_ACTIVATION=gelu
OPTIMIZER=adamw
DROPOUT=0.0695558742085019