# Training Hyperparameters
LEARNING_RATE=0.00770011475551901 
BATCH_SIZE=64
NUM_EPOCHS=1000
HIDDEN_LAYERS_PROJ_SIZE=(5, 0) 
OPTIMIZER=adam
N_LAYERS=1
LSTM_DROPOUT=0.0668086520310816 
FINAL_DROPOUT=0.0973320690374255