# Training Hyperparameters
LEARNING_RATE=0.0025558073833250863
BATCH_SIZE=80
WINDOW_SIZE=8
NUM_EPOCHS=1000
HIDDEN_LAYERS_PROJ_SIZE=(5, 3)
OPTIMIZER=adam
N_LAYERS=1
LSTM_DROPOUT=0.19956983518678245
FINAL_DROPOUT=0.11285473143551603
